033666473
036580582
045066741
046900912
071807219
087742546
092787117
095845302
106788619
108686587
133801238
183662235
194707801
212397906
215233356
215315534
217271060
217883781
218437157
225554122
230477475
236066414
237512084
241610039
244696432
253798658
253897823
258758662
260731871
291820859
300924558
304924309
314081271
324906091
364139507
391045627
395925675
400390092
401211775
415534903
415673203
422152850
427774092
428715620
429496270
431511376
433897513
437756375
448804357
456933155
458917671
459798399
477173656
479921748
490089694
492929753
499862779
499948136
504250748
507279978
508081927
527471609
531686983
533026210
535233767
536256453
537296376
544399941
545533610
556993841
560755146
562673370
569915817
570595855
570936073
573492770
579254886
581374471
584372434
586040938
590411600
590439516
593483779
594148328
594804307
597423373
598349941
598366671
600099659
601088411
601941214
601949254
603467223
608885994
612321420
613705983
614502093
615745125
615824334
617364867
618382702
618488630
621329722
624227517
625542543
627340308
628282736
629226223
629749573
630142894
635054080
644326301
646103944
669340447
